 51 2002.114976 1.322E-25 2.960E+01.04650.049 3579.97510.67-.002819              2              1                    P 27      47562310 8 5 5 1 8    53.0   55.0
 51 2003.667980 1.518E-22 1.482E+01.04380.046 2023.37150.67-.002810              1              0                    P 32      47562310 8 5 5 1 8    63.0   65.0
 51 2003.977306 8.196E-29 4.465E+01.05030.053 5130.79260.67-.002832              3              2                    P 21      47566310 8 5 5 1 8    41.0   43.0
 51 2006.783603 2.098E-25 2.982E+01.04710.050 3477.58510.67-.002822              2              1                    P 26      47562310 8 5 5 1 8    51.0   53.0
 51 2008.421529 1.149E-28 4.499E+01.05100.054 5051.74320.67-.002832              3              2                    P 20      47566310 8 5 5 1 8    39.0   41.0
 51 2008.525447 2.669E-22 1.493E+01.04430.047 1901.13080.67-.002811              1              0                    P 31      47562310 8 5 5 1 8    61.0   63.0
 51 2011.421036 3.266E-25 3.005E+01.04770.051 3378.95370.67-.002824              2              1                    P 25      47562310 8 5 5 1 8    49.0   51.0
 51 2012.833683 1.577E-28 4.534E+01.05170.055 4976.43800.67-.002831              3              2                    P 19      47566310 8 5 5 1 8    37.0   39.0
 51 2013.352445 4.604E-22 1.505E+01.04480.047 1782.66240.67-.002813              1              0                    P 30      47562310 8 5 5 1 8    59.0   61.0
 51 2016.027127 4.982E-25 3.027E+01.04830.051 3284.08460.67-.002827              2              1                    P 24      47562310 8 5 5 1 8    47.0   49.0
 51 2017.213622 2.119E-28 4.570E+01.05240.056 4904.87990.68-.002828              3              2                    P 18      47566310 8 5 5 1 8    35.0   37.0
 51 2018.148829 7.789E-22 1.516E+01.04540.048 1667.97090.67-.002815              1              0                    P 29      47562310 8 5 5 1 8    57.0   59.0
 51 2020.601731 7.449E-25 3.050E+01.04900.052 3192.98150.67-.002829              2              1                    P 23      47562310 8 5 5 1 8    45.0   47.0
 51 2021.561200 2.788E-28 4.606E+01.05310.057 4837.07170.69-.002822              3              2                    P 17      47566310 8 5 5 1 8    33.0   35.0
 51 2022.914454 1.292E-21 1.527E+01.04600.049 1557.06070.67-.002817              1              0                    P 28      47562310 8 5 5 1 8    55.0   57.0
 51 2025.144704 1.092E-24 3.073E+01.04960.053 3105.64790.67-.002831              2              1                    P 22      47562310 8 5 5 1 8    43.0   45.0
 51 2025.876271 3.590E-28 4.644E+01.05380.058 4773.01610.70-.002814              3              2                    P 16      47566310 8 5 5 1 8    31.0   33.0
 51 2027.649176 2.102E-21 1.539E+01.04650.049 1449.93600.67-.002819              1              0                    P 27      47562310 8 5 5 1 8    53.0   55.0
 51 2029.655898 1.567E-24 3.097E+01.05030.053 3022.08730.67-.002832              2              1                    P 21      47562310 8 5 5 1 8    41.0   43.0
 51 2030.158689 4.521E-28 4.683E+01.05450.059 4712.71560.71-.002803              3              2                    P 15      47566310 8 5 5 1 8    29.0   31.0
 51 2032.352847 3.351E-21 1.550E+01.04710.050 1346.60080.67-.002822              1              0                    P 26      47562310 8 5 5 1 8    51.0   53.0
 51 2034.135168 2.204E-24 3.121E+01.05100.054 2942.30280.67-.002832              2              1                    P 20      47566310 8 5 5 1 8    39.0   41.0
 51 2034.408306 5.566E-28 4.724E+01.05530.059 4656.17240.72-.002787              3              2                    P 14      47566310 8 5 5 1 8    27.0   29.0
 51 2037.025324 5.239E-21 1.562E+01.04770.051 1247.05920.67-.002824              1              0                    P 25      47562310 8 5 5 1 8    49.0   51.0
 51 2038.582368 3.036E-24 3.145E+01.05170.055 2866.29750.67-.002831              2              1                    P 19      47566310 8 5 5 1 8    37.0   39.0
 51 2038.624978 6.693E-28 4.766E+01.05610.060 4603.38890.73-.002765              3              2                    P 13      47566310 8 5 5 1 8    25.0   27.0
 51 2041.666460 8.026E-21 1.573E+01.04830.051 1151.31500.67-.002827              1              0                    P 24      47562310 8 5 5 1 8    47.0   49.0
 51 2042.808556 7.856E-28 4.811E+01.05690.062 4554.36700.74-.002736              3              2                    P 12      47566310 8 5 5 1 8    23.0   25.0
 51 2042.997352 4.094E-24 3.170E+01.05240.056 2794.07440.68-.002828              2              1                    P 18      47566310 8 5 5 1 8    35.0   37.0
 51 2046.276109 1.205E-20 1.585E+01.04900.052 1059.37180.67-.002980              1              0                    P 23      47562310 8 5 5 1 1    45.0   47.0
 51 2046.958896 8.991E-28 4.859E+01.05770.063 4509.10880.75-.002699              3              2                    P 11      47566310 8 5 5 1 8    21.0   23.0
 51 2047.379973 5.404E-24 3.195E+01.05310.057 2725.63610.69-.002822              2              1                    P 17      47566310 8 5 5 1 8    33.0   35.0
 51 2050.854126 1.773E-20 1.597E+01.04960.053  971.23320.67-.003350              1              0                    P 22      47562310 8 5 5 1 1    43.0   45.0
 51 2051.075849 1.002E-27 4.912E+01.05860.064 4467.61580.75-.002651              3              2                    P 10      47566310 8 5 5 1 8    19.0   21.0
 51 2051.730086 6.978E-24 3.221E+01.05380.058 2660.98550.70-.002814              2              1                    P 16      47566310 8 5 5 1 8    31.0   33.0
 51 2055.159270 1.085E-27 4.970E+01.05950.065 4429.88980.75-.002591              3              2                    P  9      47566310 8 5 5 1 8    17.0   19.0
 51 2055.400364 2.555E-20 1.610E+01.05030.053  886.90240.67-.003630              1              0                    P 21      47562310 8 5 5 1 1    41.0   43.0
 51 2056.047543 8.812E-24 3.248E+01.05450.059 2600.12490.71-.002803              2              1                    P 15      47566310 8 5 5 1 8    29.0   31.0
 51 2059.209012 1.140E-27 5.036E+01.06060.066 4395.93220.75-.002514              3              2                    P  8      47566310 8 5 5 1 8    15.0   17.0
 51 2059.914677 3.607E-20 1.622E+01.05100.054  806.38280.67-.003050              1              0                    P 20      47566310 8 5 5 1 1    39.0   41.0
 51 2060.332198 1.088E-23 3.277E+01.05530.059 2543.05670.72-.002787              2              1                    P 14      47566310 8 5 5 1 8    27.0   29.0
 51 2063.224928 1.158E-27 5.115E+01.06180.068 4365.74430.75-.002418              3              2                    P  7      47566310 8 5 5 1 8    13.0   15.0
 51 2064.396920 4.985E-20 1.635E+01.05170.055  729.67740.67-.003410              1              0                    P 19      47566310 8 5 5 1 1    37.0   39.0
 51 2064.583906 1.311E-23 3.306E+01.05610.060 2489.78310.73-.002765              2              1                    P 13      47566310 8 5 5 1 8    25.0   27.0
 51 2067.206871 1.130E-27 5.211E+01.06320.069 4339.32740.74-.002298              3              2                    P  6      47566310 8 5 5 1 8    11.0   13.0
 51 2068.802518 1.542E-23 3.337E+01.05690.062 2440.30620.74-.002736              2              1                    P 12      47566310 8 5 5 1 8    23.0   25.0
 51 2068.846945 6.744E-20 1.648E+01.05240.056  656.78920.68-.003500              1              0                    P 18      47566310 8 5 5 1 1    35.0   37.0
 51 2071.154695 1.054E-27 5.338E+01.06510.071 4316.68240.74-.002148              3              2                    P  5      47566310 8 5 5 1 8     9.0   11.0
 51 2072.987889 1.769E-23 3.371E+01.05770.063 2394.62790.75-.002699              2              1                    P 11      47566310 8 5 5 1 8    21.0   23.0
 51 2073.264607 8.929E-20 1.661E+01.05310.057  587.72090.69-.003350              1              0                    P 17      47566310 8 5 5 1 1    33.0   35.0
 51 2075.068253 9.256E-28 5.522E+01.06770.074 4297.81020.74-.001961              3              2                    P  4      47566310 8 5 5 1 8     7.0    9.0
 51 2077.139872 1.975E-23 3.408E+01.05860.064 2352.74990.75-.002651              2              1                    P 10      47566310 8 5 5 1 8    19.0   21.0
 51 2077.649758 1.156E-19 1.674E+01.05380.058  522.47510.70-.003290              1              0                    P 16      47566310 8 5 5 1 1    31.0   33.0
 51 2078.947398 7.485E-28 5.831E+01.07120.077 4282.71160.74-.001726              3              2                    P  3      47566310 8 5 5 1 8     5.0    7.0
 51 2081.258320 2.143E-23 3.448E+01.05950.065 2314.67390.75-.002591              2              1                    P  9      47566310 8 5 5 1 8    17.0   19.0
 51 2082.002254 1.464E-19 1.689E+01.05450.059  461.05450.71-.003260              1              0                    P 15      47566310 8 5 5 1 1    29.0   31.0
 51 2082.791982 5.282E-28 6.515E+01.07570.081 4271.38710.75-.001431              3              2                    P  2      47566310 8 5 5 1 8     3.0    5.0
 51 2085.343087 2.255E-23 3.494E+01.06060.066 2280.40130.75-.002514              2              1                    P  8      47566310 8 5 5 1 8    15.0   17.0
 51 2086.321945 1.812E-19 1.703E+01.05530.059  403.46120.72-.003350              1              0                    P 14      47566310 8 5 5 1 1    27.0   29.0
 51 2086.601860 2.745E-28 9.827E+01.08030.087 4263.83720.76-.001060              3              2                    P  1      47566310 8 5 5 1 8     1.0    3.0
 51 2089.394025 2.292E-23 3.548E+01.06180.068 2249.93340.75-.002418              2              1                    P  7      47566310 8 5 5 1 8    13.0   15.0
 51 2090.608687 2.189E-19 1.719E+01.05610.060  349.69750.73-.003510              1              0                    P 13      47566310 8 5 5 1 1    25.0   27.0
 51 2093.410988 2.241E-23 3.615E+01.06320.069 2223.27140.74-.002298              2              1                    P  6      47566310 8 5 5 1 8    11.0   13.0
 51 2094.116908 2.806E-28 3.312E+01.08030.087 4260.06220.76-.002018              3              2                    R  0      47566310 8 5 5 1 8     3.0    1.0
 51 2094.862333 2.581E-19 1.735E+01.05690.062  299.76560.74-.003410              1              0                    P 12      47566310 8 5 5 1 1    23.0   25.0
 51 2097.393829 2.091E-23 3.704E+01.06510.071 2200.41640.74-.002148              2              1                    P  5      47566310 8 5 5 1 8     9.0   11.0
 51 2097.821784 5.521E-28 3.996E+01.07570.081 4263.83720.75-.001922              3              2                    R  1      47566310 8 5 5 1 8     5.0    3.0
 51 2099.082735 2.967E-19 1.752E+01.05770.063  253.66720.75-.003620              1              0                    P 11      47566310 8 5 5 1 1    21.0   23.0
 51 2101.342401 1.839E-23 3.831E+01.06770.074 2181.36920.74-.001961              2              1                    P  4      47566310 8 5 5 1 8     7.0    9.0
 51 2101.491366 7.998E-28 4.304E+01.07120.077 4271.38710.74-.001841              3              2                    R  2      47566310 8 5 5 1 8     7.0    5.0
 51 2103.269747 3.319E-19 1.771E+01.05860.064  211.40410.75-.003570              1              0                    P 10      47566310 8 5 5 1 1    19.0   21.0
 51 2105.125507 1.011E-27 4.488E+01.06770.074 4282.71160.74-.001780              3              2                    R  3      47566310 8 5 5 1 8     9.0    7.0
 51 2105.256557 1.488E-23 4.046E+01.07120.077 2166.13050.74-.001726              2              1                    P  3      47566310 8 5 5 1 8     5.0    7.0
 51 2107.423223 3.607E-19 1.793E+01.05950.065  172.97800.75-.003590              1              0                    P  9      47566310 8 5 5 1 1    17.0   19.0
 51 2108.724059 1.177E-27 4.614E+01.06510.071 4297.81020.74-.001736              3              2                    R  4      47566310 8 5 5 1 8    11.0    9.0
 51 2109.136151 1.051E-23 4.521E+01.07570.081 2154.70100.75-.001431              2              1                    P  2      47566310 8 5 5 1 8     3.0    5.0
 51 2111.543014 3.801E-19 1.817E+01.06060.066  138.39040.75-.003580              1              0                    P  8      47566310 8 5 5 1 1    15.0   17.0
 51 2112.286877 1.291E-27 4.709E+01.06320.069 4316.68240.74-.001710              3              2                    R  5      47566310 8 5 5 1 8    13.0   11.0
 51 2112.981035 5.463E-24 6.819E+01.08030.087 2147.08110.76-.001060              2              1                    P  1      47566310 8 5 5 1 8     1.0    3.0
 51 2115.628975 3.870E-19 1.845E+01.06180.068  107.64240.75-.003490              1              0                    P  7      47566310 8 5 5 1 1    13.0   15.0
 51 2115.813813 1.351E-27 4.786E+01.06180.068 4339.32740.75-.001700              3              2                    R  6      47566310 8 5 5 1 8    15.0   13.0
 51 2119.304720 1.361E-27 4.851E+01.06060.066 4365.74430.75-.001704              3              2                    R  7      47566310 8 5 5 1 8    17.0   15.0
 51 2119.680959 3.789E-19 1.880E+01.06320.069   80.73540.74-.003440              1              0                    P  6      47566310 8 5 5 1 1    11.0   13.0
 51 2120.566086 5.586E-24 2.298E+01.08030.087 2143.27110.76-.002018              2              1                    R  0      47566310 8 5 5 1 8     3.0    1.0
 51 2122.759452 1.324E-27 4.908E+01.05950.065 4395.93220.75-.001720              3              2                    R  8      47566310 8 5 5 1 8    19.0   17.0
 51 2123.698818 3.539E-19 1.926E+01.06510.071   57.67040.74-.003310              1              0                    P  5      47566310 8 5 5 1 1     9.0   11.0
 51 2124.305960 1.099E-23 2.773E+01.07570.081 2147.08110.75-.001922              2              1                    R  1      47566310 8 5 5 1 8     5.0    3.0
 51 2126.177862 1.250E-27 4.959E+01.05860.064 4429.88980.75-.001746              3              2                    R  9      47566310 8 5 5 1 8    21.0   19.0
 51 2127.682406 3.114E-19 1.992E+01.06770.074   38.44810.74-.003090              1              0                    P  4      47566310 8 5 5 1 1     7.0    9.0
 51 2128.010537 1.591E-23 2.987E+01.07120.077 2154.70100.74-.001841              2              1                    R  2      47566310 8 5 5 1 8     7.0    5.0
 51 2129.559803 1.147E-27 5.006E+01.05770.063 4467.61580.75-.001781              3              2                    R 10      47566310 8 5 5 1 8    23.0   21.0
 51 2131.631576 2.522E-19 2.104E+01.07120.077   23.06950.74-.002030              1              0                    P  3      47566310 8 5 5 1 1     5.0    7.0
 51 2131.679670 2.011E-23 3.114E+01.06770.074 2166.13050.74-.001780              2              1                    R  3      47566310 8 5 5 1 8     9.0    7.0
 51 2132.905128 1.024E-27 5.049E+01.05690.062 4509.10880.74-.001824              3              2                    R 11      47566310 8 5 5 1 8    25.0   23.0
 51 2135.313212 2.339E-23 3.202E+01.06510.071 2181.36920.74-.001736              2              1                    R  4      47566310 8 5 5 1 8    11.0    9.0
 51 2135.546180 1.782E-19 2.351E+01.07570.081   11.53500.75-.002660              1              0                    P  2      47566310 8 5 5 1 1     3.0    5.0
 51 2136.213692 8.921E-28 5.089E+01.05610.060 4554.36700.73-.001872              3              2                    R 12      47566310 8 5 5 1 8    27.0   25.0
 51 2138.911016 2.563E-23 3.269E+01.06320.069 2200.41640.74-.001710              2              1                    R  5      47566310 8 5 5 1 8    13.0   11.0
 51 2139.426073 9.268E-20 3.546E+01.08030.087    3.84500.76-.003010              1              0                    P  1      47566310 8 5 5 1 1     1.0    3.0
 51 2139.485346 7.583E-28 5.127E+01.05530.059 4603.38890.72-.001924              3              2                    R 13      47566310 8 5 5 1 8    29.0   27.0
 51 2142.472937 2.681E-23 3.322E+01.06180.068 2223.27140.75-.001700              2              1                    R  6      47566310 8 5 5 1 8    15.0   13.0
 51 2142.719945 6.298E-28 5.164E+01.05450.059 4656.17240.71-.001981              3              2                    R 14      47566310 8 5 5 1 8    31.0   29.0
 51 2145.917342 5.112E-28 5.199E+01.05380.058 4712.71560.70-.002040              3              2                    R 15      47566310 8 5 5 1 8    33.0   31.0
 51 2145.998825 2.697E-23 3.368E+01.06060.066 2249.93340.75-.001704              2              1                    R  7      47566310 8 5 5 1 8    17.0   15.0
 51 2147.081134 9.480E-20 1.195E+01.08030.087    0.00000.76-.002100              1              0                    R  0      47566310 8 5 5 1 1     3.0    1.0
 51 2149.077391 4.059E-28 5.233E+01.05310.057 4773.01610.69-.002101              3              2                    R 16      47566310 8 5 5 1 8    35.0   33.0
 51 2149.488536 2.621E-23 3.407E+01.05950.065 2280.40130.75-.001720              2              1                    R  8      47566310 8 5 5 1 8    19.0   17.0
 51 2150.856008 1.865E-19 1.442E+01.07570.081    3.84500.75-.002400              1              0                    R  1      47566310 8 5 5 1 1     5.0    3.0
 51 2152.199945 3.153E-28 5.266E+01.05240.056 4837.07170.68-.002163              3              2                    R 17      47566310 8 5 5 1 8    37.0   35.0
 51 2152.941923 2.470E-23 3.443E+01.05860.064 2314.67390.75-.001746              2              1                    R  9      47566310 8 5 5 1 8    21.0   19.0
 51 2154.595584 2.700E-19 1.554E+01.07120.077   11.53500.74-.002620              1              0                    R  2      47566310 8 5 5 1 1     7.0    5.0
 51 2155.284858 2.398E-28 5.297E+01.05170.055 4904.87990.67-.002226              3              2                    R 18      47566310 8 5 5 1 8    39.0   37.0
 51 2156.358838 2.262E-23 3.475E+01.05770.063 2352.74990.75-.001781              2              1                    R 10      47566310 8 5 5 1 8    23.0   21.0
 51 2158.299712 3.410E-19 1.620E+01.06770.074   23.06950.74-.002530              1              0                    R  3      47566310 8 5 5 1 1     9.0    7.0
 51 2158.331983 1.786E-28 5.328E+01.05100.054 4976.43800.67-.002290              3              2                    R 19      47566310 8 5 5 1 8    41.0   39.0
 51 2159.739136 2.017E-23 3.505E+01.05690.062 2394.62790.74-.001824              2              1                    R 11      47566310 8 5 5 1 8    25.0   23.0
 51 2161.341174 1.303E-28 5.359E+01.05030.053 5051.74320.67-.002353              3              2                    R 20      47566310 8 5 5 1 8    43.0   41.0
 51 2161.968247 3.963E-19 1.665E+01.06510.071   38.44810.74-.002660              1              0                    R  4      47566310 8 5 5 1 1    11.0    9.0
 51 2163.082669 1.753E-23 3.533E+01.05610.060 2440.30620.73-.001872              2              1                    R 12      47566310 8 5 5 1 8    27.0   25.0
 51 2164.312285 9.308E-29 5.388E+01.04960.053 5130.79260.67-.002416              3              2                    R 21      47566310 8 5 5 1 8    45.0   43.0
 51 2165.601042 4.340E-19 1.700E+01.06320.069   57.67040.74-.002590              1              0                    R  5      47566310 8 5 5 1 1    13.0   11.0
 51 2166.389291 1.487E-23 3.560E+01.05530.059 2489.78310.72-.001924              2              1                    R 13      47566310 8 5 5 1 8    29.0   27.0
 51 2167.245169 6.518E-29 5.417E+01.04900.052 5213.58320.67-.002479              3              2                    R 22      47566310 8 5 5 1 8    47.0   45.0
 51 2169.197951 4.535E-19 1.728E+01.06180.068   80.73540.75-.002540              1              0                    R  6      47566310 8 5 5 1 1    15.0   13.0
 51 2169.658856 1.232E-23 3.586E+01.05450.059 2543.05670.71-.001981              2              1                    R 14      47566310 8 5 5 1 8    31.0   29.0
 51 2170.139681 4.474E-29 5.446E+01.04830.051 5300.11170.67-.002540              3              2                    R 23      47566310 8 5 5 1 8    49.0   47.0
 51 2172.758825 4.556E-19 1.752E+01.06060.066  107.64240.75-.002600              1              0                    R  7      47566310 8 5 5 1 1    17.0   15.0
 51 2172.891217 9.978E-24 3.610E+01.05380.058 2600.12490.70-.002040              2              1                    R 15      47566310 8 5 5 1 8    33.0   31.0
 51 2172.995675 3.010E-29 5.474E+01.04770.051 5390.37470.67-.002601              3              2                    R 24      47566310 8 5 5 1 8    51.0   49.0
 51 2175.813004 1.986E-29 5.501E+01.04710.050 5484.36870.67-.002661              3              2                    R 25      47566310 8 5 5 1 8    53.0   51.0
 51 2176.086228 7.901E-24 3.634E+01.05310.057 2660.98550.69-.002101              2              1                    R 16      47566310 8 5 5 1 8    35.0   33.0
 51 2176.283520 4.423E-19 1.772E+01.05950.065  138.39040.75-.002420              1              0                    R  8      47566310 8 5 5 1 1    19.0   17.0
 51 2178.591523 1.285E-29 5.528E+01.04650.049 5582.09010.67-.002719              3              2                    R 26      47566310 8 5 5 1 8    55.0   53.0
 51 2179.243742 6.121E-24 3.657E+01.05240.056 2725.63610.68-.002163              2              1                    R 17      47566310 8 5 5 1 8    37.0   35.0
 51 2179.771887 4.162E-19 1.791E+01.05860.064  172.97800.75-.002550              1              0                    R  9      47566310 8 5 5 1 1    21.0   19.0
 51 2181.331085 8.149E-30 5.555E+01.04600.049 5683.53510.67-.002777              3              2                    R 27      47566310 8 5 5 1 8    57.0   55.0
 51 2182.363614 4.641E-24 3.679E+01.05170.055 2794.07440.67-.002226              2              1                    R 18      47566310 8 5 5 1 8    39.0   37.0
 51 2183.223781 3.805E-19 1.808E+01.05770.063  211.40410.75-.002540              1              0                    R 10      47566310 8 5 5 1 1    23.0   21.0
 51 2184.031545 5.071E-30 5.581E+01.04540.048 5788.69960.67-.002833              3              2                    R 28      47566310 8 5 5 1 8    59.0   57.0
 51 2185.445697 3.445E-24 3.701E+01.05100.054 2866.29750.67-.002290              2              1                    R 19      47566310 8 5 5 1 8    41.0   39.0
 51 2186.639055 3.387E-19 1.824E+01.05690.062  253.66720.74-.002500              1              0                    R 11      47566310 8 5 5 1 1    25.0   23.0
 51 2186.692757 3.095E-30 5.607E+01.04480.047 5897.57960.67-.002887              3              2                    R 29      47566310 8 5 5 1 8    61.0   59.0
 51 2188.489845 2.504E-24 3.722E+01.05030.053 2942.30280.67-.002353              2              1                    R 20      47562310 8 5 5 1 8    43.0   41.0
 51 2189.314575 1.853E-30 5.633E+01.04430.047 6010.17090.67-.002941              3              2                    R 30      47566310 8 5 5 1 8    63.0   61.0
 51 2190.017563 2.938E-19 1.838E+01.05610.060  299.76560.73-.002580              1              0                    R 12      47566310 8 5 5 1 1    27.0   25.0
 51 2191.495912 1.783E-24 3.743E+01.04960.053 3022.08730.67-.002416              2              1                    R 21      47562310 8 5 5 1 8    45.0   43.0
 51 2191.896854 1.089E-30 5.658E+01.04380.046 6126.46900.67-.002993              3              2                    R 31      47566310 8 5 5 1 8    65.0   63.0
 51 2193.359158 2.487E-19 1.852E+01.05530.059  349.69750.72-.002590              1              0                    R 13      47566310 8 5 5 1 1    29.0   27.0
 51 2194.439448 6.275E-31 5.683E+01.04320.046 6246.46950.67-.003043              3              2                    R 32      47566310 8 5 5 1 8    67.0   65.0
 51 2194.463752 1.244E-24 3.763E+01.04900.052 3105.64790.67-.002479              2              1                    R 22      47562310 8 5 5 1 8    47.0   45.0
 51 2196.663693 2.056E-19 1.866E+01.05450.059  403.46120.71-.002640              1              0                    R 14      47566310 8 5 5 1 1    31.0   29.0
 51 2196.942212 3.549E-31 5.707E+01.04270.045 6370.16770.67-.003092              3              2                    R 33      47566310 8 5 5 1 8    69.0   67.0
 51 2197.393219 8.508E-25 3.783E+01.04830.051 3192.98150.67-.002540              2              1                    R 23      47562310 8 5 5 1 8    49.0   47.0
 51 2199.404999 1.970E-31 5.731E+01.04220.045 6497.55860.67-.003140              3              2                    R 34      47566310 8 5 5 1 8    71.0   69.0
 51 2199.931023 1.660E-19 1.879E+01.05380.058  461.05450.70-.002690              1              0                    R 15      47566310 8 5 5 1 1    33.0   31.0
 51 2200.284167 5.701E-25 3.803E+01.04770.051 3284.08460.67-.002601              2              1                    R 24      47562310 8 5 5 1 8    51.0   49.0
 51 2201.827665 1.073E-31 5.755E+01.04170.044 6628.63740.67-.003187              3              2                    R 35      47566310 8 5 5 1 8    73.0   71.0
 51 2203.136451 3.745E-25 3.822E+01.04710.050 3378.95370.67-.002661              2              1                    R 25      47562310 8 5 5 1 8    53.0   51.0
 51 2203.161002 1.311E-19 1.891E+01.05310.057  522.47510.69-.002740              1              0                    R 16      47566310 8 5 5 1 1    35.0   33.0
 51 2205.949925 2.412E-25 3.841E+01.04650.049 3477.58510.67-.002719              2              1                    R 26      47562310 8 5 5 1 8    55.0   53.0
 51 2206.353482 1.013E-19 1.903E+01.05240.056  587.72090.68-.002870              1              0                    R 17      47566310 8 5 5 1 1    37.0   35.0
 51 2208.724442 1.523E-25 3.860E+01.04600.049 3579.97510.67-.002777              2              1                    R 27      47562310 8 5 5 1 8    57.0   55.0
 51 2209.508319 7.657E-20 1.915E+01.05170.055  656.78920.67-.002650              1              0                    R 18      47566310 8 5 5 1 1    39.0   37.0
 51 2211.459859 9.435E-26 3.879E+01.04540.048 3686.11980.67-.002833              2              1                    R 28      47562310 8 5 5 1 8    59.0   57.0
 51 2212.625365 5.666E-20 1.926E+01.05100.054  729.67740.67-.002790              1              0                    R 19      47566310 8 5 5 1 1    41.0   39.0
 51 2214.156028 5.731E-26 3.897E+01.04480.047 3796.01490.67-.002887              2              1                    R 29      47562310 8 5 5 1 8    61.0   59.0
 51 2215.704476 4.105E-20 1.937E+01.05030.053  806.38280.67-.003130              1              0                    R 20      47562310 8 5 5 1 1    43.0   41.0
 51 2216.812805 3.414E-26 3.915E+01.04430.047 3909.65620.67-.002941              2              1                    R 30      47562310 8 5 5 1 8    63.0   61.0
 51 2218.745505 2.913E-20 1.948E+01.04960.053  886.90240.67-.003140              1              0                    R 21      47562310 8 5 5 1 1    45.0   43.0
 51 2219.430044 1.995E-26 3.933E+01.04380.046 4027.03950.67-.002993              2              1                    R 31      47562310 8 5 5 1 8    65.0   63.0
 51 2221.748306 2.025E-20 1.959E+01.04900.052  971.23320.67-.002780              1              0                    R 22      47562310 8 5 5 1 1    47.0   45.0
 51 2222.007601 1.144E-26 3.950E+01.04320.046 4148.16010.67-.003043              2              1                    R 32      47562310 8 5 5 1 8    67.0   65.0
 51 2224.545329 6.435E-27 3.968E+01.04270.045 4273.01330.67-.003092              2              1                    R 33      47562310 8 5 5 1 8    69.0   67.0
 51 2224.712734 1.379E-20 1.970E+01.04830.051 1059.37180.67-.002880              1              0                    R 23      47562310 8 5 5 1 1    49.0   47.0
 51 2227.043083 3.551E-27 3.985E+01.04220.045 4401.59440.67-.003140              2              1                    R 34      47562310 8 5 5 1 8    71.0   69.0
 51 2227.638643 9.206E-21 1.980E+01.04770.051 1151.31500.67-.002601              1              0                    R 24      47562310 8 5 5 1 8    51.0   49.0
 51 2229.500720 1.923E-27 4.002E+01.04170.044 4533.89830.67-.003187              2              1                    R 35      47562310 8 5 5 1 8    73.0   71.0
 51 2230.525888 6.022E-21 1.990E+01.04710.050 1247.05920.67-.002661              1              0                    R 25      47562310 8 5 5 1 8    53.0   51.0
 51 2231.918093 1.022E-27 4.018E+01.04130.044 4669.92000.67-.003232              2              1                    R 36      47562310 8 5 5 1 8    75.0   73.0
 51 2233.374323 3.862E-21 2.000E+01.04650.049 1346.60080.67-.002719              1              0                    R 26      47562310 8 5 5 1 8    55.0   53.0
 51 2234.295058 5.331E-28 4.035E+01.04080.043 4809.65410.67-.003276              2              1                    R 37      47562310 8 5 5 1 8    77.0   75.0
 51 2236.183802 2.428E-21 2.010E+01.04600.049 1449.93600.67-.002777              1              0                    R 27      47562310 8 5 5 1 8    57.0   55.0
 51 2236.631470 2.729E-28 4.051E+01.04030.043 4953.09540.67-.003318              2              1                    R 38      47562310 8 5 5 1 8    79.0   77.0
 51 2238.927184 1.371E-28 4.067E+01.03990.042 5100.23820.67-.003360              2              1                    R 39      47562310 8 5 5 1 8    81.0   79.0
 51 2238.954181 1.497E-21 2.020E+01.04540.048 1557.06070.67-.002833              1              0                    R 28      47562310 8 5 5 1 8    59.0   57.0
 51 2241.182055 6.761E-29 4.083E+01.03950.042 5251.07690.67-.003400              2              1                    R 40      47562310 8 5 5 1 8    83.0   81.0
 51 2241.685314 9.046E-22 2.030E+01.04480.047 1667.97090.67-.002887              1              0                    R 29      47562310 8 5 5 1 8    61.0   59.0
 51 2243.395939 3.273E-29 4.098E+01.03900.041 5405.60560.67-.003439              2              1                    R 41      47562310 8 5 5 1 8    85.0   83.0
 51 2244.377056 5.362E-22 2.039E+01.04430.047 1782.66240.67-.002941              1              0                    R 30      47562310 8 5 5 1 8    63.0   61.0
 51 2245.568691 1.555E-29 4.114E+01.03860.041 5563.81840.67-.003476              2              1                    R 42      47562310 8 5 5 1 8    87.0   85.0
 51 2247.029262 3.117E-22 2.048E+01.04380.046 1901.13080.67-.002993              1              0                    R 31      47562310 8 5 5 1 8    65.0   63.0
 51 2247.700167 7.257E-30 4.129E+01.03820.040 5725.70900.67-.003513              2              1                    R 43      47562310 8 5 5 1 8    89.0   87.0
 51 2249.641787 1.778E-22 2.058E+01.04320.046 2023.37150.67-.003043              1              0                    R 32      47562310 8 5 5 1 8    67.0   65.0
 51 2249.790221 3.324E-30 4.144E+01.03780.040 5891.27140.67-.003549              2              1                    R 44      47562310 8 5 5 1 8    91.0   89.0
 51 2251.838711 1.495E-30 4.159E+01.03740.040 6060.49900.67-.003583              2              1                    R 45      47562310 8 5 5 1 8    93.0   91.0
 51 2252.214486 9.944E-23 2.067E+01.04270.045 2149.37990.67-.003092              1              0                    R 33      47562310 8 5 5 1 8    69.0   67.0
 51 2253.845491 6.602E-31 4.174E+01.03700.039 6233.38530.67-.003617              2              1                    R 46      47562310 8 5 5 1 8    95.0   93.0
 51 2254.747215 5.457E-23 2.076E+01.04220.045 2279.15110.67-.003140              1              0                    R 34      47562310 8 5 5 1 8    71.0   69.0
 51 2255.810417 2.863E-31 4.188E+01.03660.039 6409.92360.67-.003649              2              1                    R 47      47562310 8 5 5 1 8    97.0   95.0
 51 2257.239828 2.938E-23 2.085E+01.04170.044 2412.68010.67-.003187              1              0                    R 35      47562310 8 5 5 1 8    73.0   71.0
 51 2257.733345 1.219E-31 4.202E+01.03620.038 6590.10710.67-.003681              2              1                    R 48      47562310 8 5 5 1 8    99.0   97.0
 51 2259.692181 1.552E-23 2.094E+01.04130.044 2549.96200.67-.003232              1              0                    R 36      47562310 8 5 5 1 8    75.0   73.0
 51 2262.104130 8.044E-24 2.102E+01.04080.043 2690.99130.67-.003276              1              0                    R 37      47562310 8 5 5 1 8    77.0   75.0
 51 2264.475530 4.091E-24 2.111E+01.04030.043 2835.76270.67-.003318              1              0                    R 38      47562310 8 5 5 1 8    79.0   77.0
 51 2266.806236 2.042E-24 2.120E+01.03990.042 2984.27070.67-.003360              1              0                    R 39      47562310 8 5 5 1 8    81.0   79.0
 51 2269.096105 1.000E-24 2.128E+01.03950.042 3136.50950.67-.003400              1              0                    R 40      47562310 8 5 5 1 8    83.0   81.0
 51 2271.344992 4.809E-25 2.136E+01.03900.041 3292.47340.67-.003439              1              0                    R 41      47562310 8 5 5 1 8    85.0   83.0
 51 2273.552753 2.269E-25 2.145E+01.03860.041 3452.15630.67-.003476              1              0                    R 42      47562310 8 5 5 1 8    87.0   85.0
 51 2275.719244 1.051E-25 2.153E+01.03820.040 3615.55210.67-.003513              1              0                    R 43      47562310 8 5 5 1 8    89.0   87.0
 51 2277.844321 4.779E-26 2.161E+01.03780.040 3782.65470.67-.003549              1              0                    R 44      47562310 8 5 5 1 8    91.0   89.0
 51 2279.927840 2.133E-26 2.169E+01.03740.040 3953.45740.67-.003583              1              0                    R 45      47562310 8 5 5 1 8    93.0   91.0
 51 2281.969657 9.347E-27 2.176E+01.03700.039 4127.95390.67-.003617              1              0                    R 46      47562310 8 5 5 1 8    95.0   93.0
 51 2283.969628 4.021E-27 2.184E+01.03660.039 4306.13750.67-.003649              1              0                    R 47      47562310 8 5 5 1 8    97.0   95.0
 51 2285.927610 1.699E-27 2.192E+01.03620.038 4488.00120.67-.003681              1              0                    R 48      47562310 8 5 5 1 8    99.0   97.0
 51 2287.843459 7.045E-28 2.199E+01.03590.038 4673.53810.67-.003711              1              0                    R 49      47562310 8 5 5 1 8   101.0   99.0
 51 2289.717032 2.869E-28 2.207E+01.03550.038 4862.74110.67-.003741              1              0                    R 50      47562310 8 5 5 1 8   103.0  101.0
 51 2291.548184 1.147E-28 2.214E+01.03520.037 5055.60290.67-.003770              1              0                    R 51      47562310 8 5 5 1 8   105.0  103.0
 51 2293.336772 4.506E-29 2.221E+01.03480.037 5252.11620.67-.003798              1              0                    R 52      47562310 8 5 5 1 8   107.0  105.0
 51 2295.082654 1.738E-29 2.228E+01.03450.037 5452.27330.67-.003825              1              0                    R 53      47562310 8 5 5 1 8   109.0  107.0
 51 2296.785684 6.582E-30 2.235E+01.03420.036 5656.06660.67-.003852              1              0                    R 54      47562310 8 5 5 1 8   111.0  109.0
 51 2298.445721 2.449E-30 2.242E+01.03380.036 5863.48830.67-.003877              1              0                    R 55      47562310 8 5 5 1 8   113.0  111.0
 51 2300.062620 8.949E-31 2.249E+01.03350.036 6074.53040.67-.003902              1              0                    R 56      47562310 8 5 5 1 8   115.0  113.0
 51 2301.636239 3.212E-31 2.255E+01.03320.035 6289.18470.67-.003926              1              0                    R 57      47562310 8 5 5 1 8   117.0  115.0
 51 2303.166433 1.133E-31 2.262E+01.03290.035 6507.44310.67-.003950              1              0                    R 58      47562310 8 5 5 1 8   119.0  117.0
 51 3970.718001 2.268E-31 3.482E-01.03520.037 5252.11620.74-.006176              2              0                    P 52      4756231011 5 5 2 8   103.0  105.0
 51 3977.939993 5.808E-31 3.510E-01.03550.038 5055.60290.74-.006154              2              0                    P 51      4756231011 5 5 2 8   101.0  103.0
 51 3985.099350 1.460E-30 3.539E-01.03590.038 4862.74110.74-.006132              2              0                    P 50      4756231011 5 5 2 8    99.0  101.0
 51 3988.681144 1.283E-31 1.122E+00.03900.041 5563.81840.70-.005949              3              1                    P 42      4656231011 5 5 2 8    83.0   85.0
 51 3992.195935 3.605E-30 3.567E-01.03620.038 4673.53810.74-.006109              2              0                    P 49      4756231011 5 5 2 8    97.0   99.0
 51 3995.235482 2.714E-31 1.131E+00.03950.042 5405.60560.70-.005925              3              1                    P 41      4656231011 5 5 2 8    81.0   83.0
 51 3999.229609 8.740E-30 3.596E-01.03660.039 4488.00120.74-.006087              2              0                    P 48      4756231011 5 5 2 8    95.0   97.0
 51 4001.725775 5.637E-31 1.140E+00.03990.042 5251.07690.70-.005902              3              1                    P 40      4656231011 5 5 2 8    79.0   81.0
 51 4006.200232 2.081E-29 3.626E-01.03700.039 4306.13750.74-.006064              2              0                    P 47      4756231011 5 5 2 8    93.0   95.0
 51 4008.151880 1.149E-30 1.149E+00.04030.043 5100.23820.70-.005878              3              1                    P 39      4656231011 5 5 2 8    77.0   79.0
 51 4013.107665 4.863E-29 3.655E-01.03740.040 4127.95390.74-.006041              2              0                    P 46      4756231011 5 5 2 8    91.0   93.0
 51 4014.513656 2.301E-30 1.159E+00.04080.043 4953.09540.70-.005855              3              1                    P 38      4656231011 5 5 2 8    75.0   77.0
 51 4019.951766 1.116E-28 3.685E-01.03780.040 3953.45740.74-.006018              2              0                    P 45      4756231011 5 5 2 8    89.0   91.0
 51 4020.810961 4.519E-30 1.168E+00.04130.044 4809.65410.70-.005831              3              1                    P 37      4656231011 5 5 2 8    73.0   75.0
 51 4026.732396 2.515E-28 3.715E-01.03820.040 3782.65470.74-.005995              2              0                    P 44      4756231011 5 5 2 8    87.0   89.0
 51 4027.043652 8.715E-30 1.178E+00.04170.044 4669.92000.70-.005807              3              1                    P 36      4656231011 5 5 2 8    71.0   73.0
 51 4028.392585 1.004E-31 2.510E+00.04650.049 5683.53510.70-.005589              4              2                    P 27      4656631011 5 5 2 8    53.0   55.0
 51 4033.211587 1.650E-29 1.188E+00.04220.045 4533.89830.70-.005784              3              1                    P 35      4656231011 5 5 2 8    69.0   71.0
 51 4033.449414 5.561E-28 3.746E-01.03860.041 3615.55210.74-.005972              2              0                    P 43      4756231011 5 5 2 8    85.0   87.0
 51 4033.936133 1.591E-31 2.531E+00.04710.050 5582.09010.71-.005563              4              2                    P 26      4656631011 5 5 2 8    51.0   53.0
 51 4039.314621 3.062E-29 1.198E+00.04270.045 4401.59440.70-.005760              3              1                    P 34      4656231011 5 5 2 8    67.0   69.0
 51 4039.413483 2.472E-31 2.553E+00.04770.051 5484.36870.71-.005537              4              2                    P 25      4656631011 5 5 2 8    49.0   51.0
 51 4040.102678 1.208E-27 3.777E-01.03900.041 3452.15630.74-.005949              2              0                    P 42      4756231011 5 5 2 8    83.0   85.0
 51 4044.824491 3.768E-31 2.575E+00.04830.051 5390.37470.72-.005510              4              2                    P 24      4656631011 5 5 2 8    47.0   49.0
 51 4045.352613 5.580E-29 1.208E+00.04320.046 4273.01330.70-.005736              3              1                    P 33      4656231011 5 5 2 8    65.0   67.0
 51 4046.692046 2.574E-27 3.808E-01.03950.042 3292.47340.74-.005925              2              0                    P 41      4756231011 5 5 2 8    81.0   83.0
 51 4050.169012 5.628E-31 2.598E+00.04900.052 5300.11170.72-.005483              4              2                    P 23      4656831011 5 5 2 8    45.0   47.0
 51 4051.325417 9.974E-29 1.218E+00.04380.046 4148.16010.70-.005712              3              1                    P 32      4656631011 5 5 2 8    63.0   65.0
 51 4053.217377 5.384E-27 3.839E-01.03990.042 3136.50950.74-.005902              2              0                    P 40      4756231011 5 5 2 8    79.0   81.0
 51 4055.446900 8.240E-31 2.621E+00.04960.053 5213.58320.73-.005454              4              2                    P 22      4656831011 5 5 2 8    43.0   45.0
 51 4057.232891 1.750E-28 1.228E+00.04430.047 4027.03950.70-.005688              3              1                    P 31      4656631011 5 5 2 8    61.0   63.0
 51 4059.678528 1.105E-26 3.871E-01.04030.043 2984.27070.74-.005878              2              0                    P 39      4756231011 5 5 2 8    77.0   79.0
 51 4060.658010 1.182E-30 2.644E+00.05030.053 5130.79260.73-.005424              4              2                    P 21      4656831011 5 5 2 8    41.0   43.0
 51 4063.074890 3.011E-28 1.238E+00.04480.047 3909.65620.70-.005663              3              1                    P 30      4756631011 5 5 2 8    59.0   61.0
 51 4065.802198 1.662E-30 2.668E+00.05100.054 5051.74320.74-.005392              4              2                    P 20      4656831011 5 5 2 8    39.0   41.0
 51 4066.075357 2.228E-26 3.903E-01.04080.043 2835.76270.74-.005855              2              0                    P 38      4756231011 5 5 2 8    75.0   77.0
 51 4068.851269 5.083E-28 1.249E+00.04540.048 3796.01490.70-.005639              3              1                    P 29      4756631011 5 5 2 8    57.0   59.0
 51 4070.879316 2.289E-30 2.692E+00.05170.055 4976.43800.74-.005359              4              2                    P 19      4656831011 5 5 2 8    37.0   39.0
 51 4072.407721 4.405E-26 3.935E-01.04130.044 2690.99130.74-.005831              2              0                    P 37      4756231011 5 5 2 8    73.0   75.0
 51 4074.561886 8.414E-28 1.259E+00.04600.049 3686.11980.70-.005614              3              1                    P 28      4756631011 5 5 2 8    55.0   57.0
 51 4075.889220 3.087E-30 2.717E+00.05240.056 4904.87990.75-.005323              4              2                    P 18      4656831011 5 5 2 8    35.0   37.0
 51 4078.675477 8.547E-26 3.968E-01.04170.044 2549.96200.74-.005807              2              0                    P 36      4756231011 5 5 2 8    71.0   73.0
 51 4080.206594 1.366E-27 1.270E+00.04650.049 3579.97510.70-.005589              3              1                    P 27      4756631011 5 5 2 8    53.0   55.0
 51 4080.831764 4.075E-30 2.743E+00.05310.057 4837.07170.75-.005284              4              2                    P 17      4656831011 5 5 2 8    33.0   35.0
 51 4084.878481 1.628E-25 4.001E-01.04220.045 2412.68010.74-.005784              2              0                    P 35      4756231011 5 5 2 8    69.0   71.0
 51 4085.706802 5.265E-30 2.769E+00.05380.058 4773.01610.76-.005241              4              2                    P 16      4656831011 5 5 2 8    31.0   33.0
 51 4085.785249 2.175E-27 1.281E+00.04710.050 3477.58510.71-.005563              3              1                    P 26      4756631011 5 5 2 8    51.0   53.0
 51 4090.514187 6.652E-30 2.797E+00.05450.059 4712.71560.76-.005194              4              2                    P 15      4656831011 5 5 2 8    29.0   31.0
 51 4091.016590 3.041E-25 4.035E-01.04270.045 2279.15110.74-.005760              2              0                    P 34      4756231011 5 5 2 8    67.0   69.0
 51 4091.297706 3.395E-27 1.292E+00.04770.051 3378.95370.71-.005537              3              1                    P 25      4756631011 5 5 2 8    49.0   51.0
 51 4095.253774 8.217E-30 2.825E+00.05530.059 4656.17240.77-.005142              4              2                    P 14      4656831011 5 5 2 8    27.0   29.0
 51 4096.743820 5.195E-27 1.304E+00.04830.051 3284.08460.72-.005510              3              1                    P 24      4756631011 5 5 2 8    47.0   49.0
 51 4097.089659 5.573E-25 4.069E-01.04320.046 2149.37990.74-.005736              2              0                    P 33      4756231011 5 5 2 8    65.0   67.0
 51 4099.925416 9.915E-30 2.855E+00.05610.060 4603.38890.78-.005083              4              2                    P 13      4656831011 5 5 2 8    25.0   27.0
 51 4102.123445 7.794E-27 1.315E+00.04900.052 3192.98150.72-.005483              3              1                    P 23      4756831011 5 5 2 8    45.0   47.0
 51 4103.097545 1.002E-24 4.103E-01.04380.046 2023.37150.74-.005712              2              0                    P 32      4756231011 5 5 2 8    63.0   65.0
 51 4104.528967 1.168E-29 2.887E+00.05690.062 4554.36700.78-.005016              4              2                    P 12      4656831011 5 5 2 8    23.0   25.0
 51 4107.436435 1.145E-26 1.327E+00.04960.053 3105.64790.73-.005454              3              1                    P 22      4756831011 5 5 2 8    43.0   45.0
 51 4109.040103 1.767E-24 4.138E-01.04430.047 1901.13080.74-.005688              2              0                    P 31      4756231011 5 5 2 8    61.0   63.0
 51 4109.064281 1.342E-29 2.921E+00.05770.063 4509.10880.79-.004939              4              2                    P 11      4656831011 5 5 2 8    21.0   23.0
 51 4112.682646 1.650E-26 1.339E+00.05030.053 3022.08730.73-.005424              3              1                    P 21      4756831011 5 5 2 8    41.0   43.0
 51 4113.531211 1.501E-29 2.958E+00.05860.064 4467.61580.79-.004850              4              2                    P 10      4656831011 5 5 2 8    19.0   21.0
 51 4114.917189 3.057E-24 4.173E-01.04480.047 1782.66240.74-.005663              2              0                    P 30      4856231011 5 5 2 8    59.0   61.0
 51 4117.861932 2.328E-26 1.351E+00.05100.054 2942.30280.74-.005392              3              1                    P 20      4756831011 5 5 2 8    39.0   41.0
 51 4117.929610 1.631E-29 2.998E+00.05950.065 4429.88980.79-.004746              4              2                    P  9      4656831011 5 5 2 8    17.0   19.0
 51 4120.728658 5.187E-24 4.208E-01.04540.048 1667.97090.74-.005639              2              0                    P 29      4856231011 5 5 2 8    57.0   59.0
 51 4122.259333 1.720E-29 3.043E+00.06060.066 4395.93220.79-.004623              4              2                    P  8      4656831011 5 5 2 8    15.0   17.0
 51 4122.974146 3.218E-26 1.363E+00.05170.055 2866.29750.74-.005359              3              1                    P 19      4756831011 5 5 2 8    37.0   39.0
 51 4126.474365 8.631E-24 4.244E-01.04600.049 1557.06070.74-.005614              2              0                    P 28      4856231011 5 5 2 8    55.0   57.0
 51 4126.520232 1.752E-29 3.096E+00.06180.068 4365.74430.78-.004478              4              2                    P  7      4656831011 5 5 2 8    13.0   15.0
 51 4128.019142 4.354E-26 1.376E+00.05240.056 2794.07440.75-.005323              3              1                    P 18      4756831011 5 5 2 8    35.0   37.0
 51 4130.712160 1.718E-29 3.161E+00.06320.069 4339.32740.77-.004303              4              2                    P  6      4656831011 5 5 2 8    11.0   13.0
 51 4132.154165 1.408E-23 4.281E-01.04650.049 1449.93600.74-.005589              2              0                    P 27      4856231011 5 5 2 8    53.0   55.0
 51 4132.996775 5.766E-26 1.389E+00.05310.057 2725.63610.75-.005284              3              1                    P 17      4756831011 5 5 2 8    33.0   35.0
 51 4134.834972 1.606E-29 3.244E+00.06510.071 4316.68240.76-.004091              4              2                    P  5      4656831011 5 5 2 8     9.0   11.0
 51 4137.767912 2.252E-23 4.318E-01.04710.050 1346.60080.74-.005563              2              0                    P 26      4856231011 5 5 2 8    51.0   53.0
 51 4137.906898 7.471E-26 1.403E+00.05380.058 2660.98550.76-.005241              3              1                    P 16      4756831011 5 5 2 8    31.0   33.0
 51 4138.888520 1.417E-29 3.362E+00.06770.074 4297.81020.76-.003831              4              2                    P  4      4656831011 5 5 2 8     7.0    9.0
 51 4142.749365 9.467E-26 1.417E+00.05450.059 2600.12490.76-.005194              3              1                    P 15      4756831011 5 5 2 8    29.0   31.0
 51 4142.872657 1.150E-29 3.557E+00.07120.077 4282.71160.77-.003510              4              2                    P  3      4656831011 5 5 2 8     5.0    7.0
 51 4143.315462 3.532E-23 4.356E-01.04770.051 1247.05920.74-.005537              2              0                    P 25      4856231011 5 5 2 8    49.0   51.0
 51 4146.787236 8.147E-30 3.983E+00.07570.081 4271.38710.77-.003108              4              2                    P  2      4656831011 5 5 2 8     3.0    5.0
 51 4147.524029 1.172E-25 1.431E+00.05530.059 2543.05670.77-.005142              3              1                    P 14      4756831011 5 5 2 8    27.0   29.0
 51 4148.796668 5.429E-23 4.394E-01.04830.051 1151.31500.74-.005510              2              0                    P 24      5856231011 5 5 2 8    47.0   49.0
 51 4150.632112 4.250E-30 6.019E+00.08030.087 4263.83720.78-.002599              4              2                    P  1      4656831011 5 5 2 8     1.0    3.0
 51 4152.230744 1.419E-25 1.447E+00.05610.060 2489.78310.78-.005083              3              1                    P 13      4756831011 5 5 2 8    25.0   27.0
 51 4154.211385 8.176E-23 4.433E-01.04900.054 1059.37180.74-.005587              2              0                    P 23      5857251011 5 3 2 3    45.0   47.0
 51 4156.869364 1.674E-25 1.463E+00.05690.062 2440.30620.78-.005016              3              1                    P 12      4756831011 5 5 2 8    23.0   25.0
 51 4158.112162 4.379E-30 2.037E+00.08030.087 4260.06220.78-.003557              4              2                    R  0      4656831011 5 5 2 8     3.0    1.0
 51 4159.559466 1.207E-22 4.473E-01.04960.054  971.23320.74-.005084              2              0                    P 22      5857251011 5 3 2 3    43.0   45.0
 51 4161.439742 1.927E-25 1.480E+00.05770.063 2394.62790.79-.004939              3              1                    P 11      4756831011 5 5 2 8    21.0   23.0
 51 4161.747043 8.649E-30 2.463E+00.07570.081 4263.83720.78-.003598              4              2                    R  1      4656831011 5 5 2 8     5.0    3.0
 51 4164.840767 1.745E-22 4.513E-01.05030.054  886.90240.74-.005939              2              0                    P 21      5857251011 5 3 2 3    41.0   43.0
 51 4165.311632 1.258E-29 2.659E+00.07120.077 4271.38710.77-.003625              4              2                    R  2      4656831011 5 5 2 8     7.0    5.0
 51 4165.941730 2.160E-25 1.499E+00.05860.064 2352.74990.79-.004850              3              1                    P 10      4756831011 5 5 2 8    19.0   21.0
 51 4168.805783 1.597E-29 2.779E+00.06770.074 4282.71160.76-.003650              4              2                    R  3      4656831011 5 5 2 8     9.0    7.0
 51 4170.055140 2.471E-22 4.555E-01.05100.054  806.38280.74-.005465              2              0                    P 20      5857751011 5 3 2 3    39.0   41.0
 51 4170.375184 2.352E-25 1.519E+00.05950.065 2314.67390.79-.004746              3              1                    P  9      4756831011 5 5 2 8    17.0   19.0
 51 4172.229348 1.866E-29 2.863E+00.06510.071 4297.81020.76-.003678              4              2                    R  4      4656831011 5 5 2 8    11.0    9.0
 51 4174.739955 2.483E-25 1.542E+00.06060.066 2280.40130.79-.004623              3              1                    P  8      4756831011 5 5 2 8    15.0   17.0
 51 4175.202440 3.427E-22 4.597E-01.05170.054  729.67740.74-.005354              2              0                    P 19      5857851011 5 3 2 3    37.0   39.0
 51 4175.582180 2.055E-29 2.929E+00.06320.069 4316.68240.77-.003714              4              2                    R  5      4656831011 5 5 2 8    13.0   11.0
 51 4178.864133 2.161E-29 2.984E+00.06180.068 4339.32740.78-.003759              4              2                    R  6      4656831011 5 5 2 8    15.0   13.0
 51 4179.035897 2.534E-25 1.569E+00.06180.068 2249.93340.78-.004478              3              1                    P  7      4756831011 5 5 2 8    13.0   15.0
 51 4180.282520 4.653E-22 4.640E-01.05240.054  656.78920.76-.005312              2              0                    P 18      6857851011 5 3 2 3    35.0   37.0
 51 4182.075060 2.184E-29 3.032E+00.06060.066 4365.74430.79-.003813              4              2                    R  7      4656831011 5 5 2 8    17.0   15.0
 51 4183.262864 2.487E-25 1.602E+00.06320.069 2223.27140.77-.004303              3              1                    P  6      4756831011 5 5 2 8    11.0   13.0
 51 4185.214813 2.135E-29 3.075E+00.05950.065 4395.93220.79-.003875              4              2                    R  8      4656831011 5 5 2 8    19.0   17.0
 51 4185.295233 6.181E-22 4.685E-01.05310.054  587.72090.76-.005224              2              0                    P 17      6857851011 5 3 2 3    33.0   35.0
 51 4187.420708 2.329E-25 1.644E+00.06510.071 2200.41640.76-.004091              3              1                    P  5      4756831011 5 5 2 8     9.0   11.0
 51 4188.283247 2.023E-29 3.114E+00.05860.064 4429.88980.78-.003945              4              2                    R  9      4656831011 5 5 2 8    21.0   19.0
 51 4190.240434 8.032E-22 4.731E-01.05380.054  522.47510.76-.005228              2              0                    P 16      6857851011 5 3 2 3    31.0   33.0
 51 4191.280214 1.864E-29 3.151E+00.05770.063 4467.61580.78-.004022              4              2                    R 10      4656831011 5 5 2 8    23.0   21.0
 51 4191.509282 2.056E-25 1.704E+00.06770.074 2181.36920.76-.003831              3              1                    P  4      4756831011 5 5 2 8     7.0    9.0
 51 4194.205566 1.672E-29 3.186E+00.05690.062 4509.10880.77-.004104              4              2                    R 11      4656831011 5 5 2 8    25.0   23.0
 51 4195.117976 1.021E-21 4.778E-01.05450.054  461.05450.76-.005105              2              0                    P 15      6857851011 5 3 2 3    29.0   31.0
 51 4195.528440 1.670E-25 1.803E+00.07120.077 2166.13050.77-.003510              3              1                    P  3      4756831011 5 5 2 8     5.0    7.0
 51 4197.059159 1.462E-29 3.220E+00.05610.060 4554.36700.77-.004190              4              2                    R 12      4656831011 5 5 2 8    27.0   25.0
 51 4199.478034 1.184E-25 2.019E+00.07570.081 2154.70100.77-.003108              3              1                    P  2      4756831011 5 5 2 8     3.0    5.0
 51 4199.840844 1.249E-29 3.253E+00.05530.059 4603.38890.76-.004280              4              2                    R 13      4656831011 5 5 2 8    29.0   27.0
 51 4199.927712 1.268E-21 4.828E-01.05530.054  403.46120.77-.005048              2              0                    P 14      6857851011 5 3 2 3    27.0   29.0
 51 4202.550475 1.042E-29 3.284E+00.05450.059 4656.17240.76-.004372              4              2                    R 14      4656831011 5 5 2 8    31.0   29.0
 51 4203.357919 6.180E-26 3.052E+00.08030.087 2147.08110.78-.002599              3              1                    P  1      4756831011 5 5 2 8     1.0    3.0
 51 4204.669495 1.537E-21 4.880E-01.05610.054  349.69750.78-.004926              2              0                    P 13      6857851011 5 3 2 3    25.0   27.0
 51 4205.187906 8.491E-30 3.315E+00.05380.058 4712.71560.75-.004467              4              2                    R 15      4656831011 5 5 2 8    33.0   31.0
 51 4207.752989 6.772E-30 3.346E+00.05310.057 4773.01610.75-.004562              4              2                    R 16      4656831011 5 5 2 8    35.0   33.0
 51 4209.343179 1.819E-21 4.935E-01.05690.054  299.76560.78-.004952              2              0                    P 12      6857851011 5 3 2 3    23.0   25.0
 51 4210.245578 5.284E-30 3.376E+00.05240.056 4837.07170.74-.004658              4              2                    R 17      4656831011 5 5 2 8    37.0   35.0
 51 4210.907970 6.369E-26 1.033E+00.08030.087 2143.27110.78-.003557              3              1                    R  0      4756831011 5 5 2 8     3.0    1.0
 51 4212.665526 4.036E-30 3.406E+00.05170.055 4904.87990.74-.004754              4              2                    R 18      4656831011 5 5 2 8    39.0   37.0
 51 4213.948616 2.097E-21 4.994E-01.05770.054  253.66720.79-.004877              2              0                    P 11      6857851011 5 3 2 3    21.0   23.0
 51 4214.577843 1.258E-25 1.249E+00.07570.081 2147.08110.78-.003598              3              1                    R  1      4756831011 5 5 2 8     5.0    3.0
 51 4215.012687 3.019E-30 3.435E+00.05100.054 4976.43800.73-.004850              4              2                    R 19      4656831011 5 5 2 8    41.0   39.0
 51 4217.286914 2.212E-30 3.465E+00.05030.053 5051.74320.73-.004945              4              2                    R 20      4656831011 5 5 2 8    43.0   41.0
 51 4218.177418 1.829E-25 1.349E+00.07120.077 2154.70100.77-.003625              3              1                    R  2      4756831011 5 5 2 8     7.0    5.0
 51 4218.485661 2.355E-21 5.057E-01.05860.054  211.40410.79-.004840              2              0                    P 10      6857851011 5 3 2 3    19.0   21.0
 51 4219.488060 1.588E-30 3.494E+00.04960.053 5130.79260.72-.005039              4              2                    R 21      4656831011 5 5 2 8    45.0   43.0
 51 4221.615979 1.117E-30 3.523E+00.04900.052 5213.58320.72-.005132              4              2                    R 22      4656831011 5 5 2 8    47.0   45.0
 51 4221.706549 2.321E-25 1.410E+00.06770.074 2166.13050.76-.003650              3              1                    R  3      4756831011 5 5 2 8     9.0    7.0
 51 4222.954166 2.570E-21 5.127E-01.05950.054  172.97800.79-.004770              2              0                    P  9      6857851011 5 3 2 3    17.0   19.0
 51 4223.670524 7.704E-31 3.551E+00.04830.051 5300.11170.71-.005224              4              2                    R 23      4656831011 5 5 2 8    49.0   47.0
 51 4225.165088 2.710E-25 1.453E+00.06510.071 2181.36920.76-.003678              3              1                    R  4      4756831011 5 5 2 8    11.0    9.0
 51 4225.651549 5.208E-31 3.580E+00.04770.051 5390.37470.71-.005314              4              2                    R 24      4656631011 5 5 2 8    51.0   49.0
 51 4227.353984 2.718E-21 5.206E-01.06060.054  138.39040.79-.004689              2              0                    P  8      6857851011 5 3 2 3    15.0   17.0
 51 4227.558907 3.451E-31 3.609E+00.04710.050 5484.36870.70-.005402              4              2                    R 25      4656631011 5 5 2 8    53.0   51.0
 51 4228.552889 2.982E-25 1.486E+00.06320.069 2200.41640.77-.003714              3              1                    R  5      4756831011 5 5 2 8    13.0   11.0
 51 4229.392451 2.243E-31 3.638E+00.04650.049 5582.09010.70-.005489              4              2                    R 26      4656631011 5 5 2 8    55.0   53.0
 51 4231.152036 1.430E-31 3.666E+00.04600.049 5683.53510.70-.005574              4              2                    R 27      4656631011 5 5 2 8    57.0   55.0
 51 4231.684968 2.778E-21 5.297E-01.06180.054  107.64240.78-.004604              2              0                    P  7      6857851011 5 3 2 3    13.0   15.0
 51 4231.869805 3.132E-25 1.514E+00.06180.068 2223.27140.78-.003759              3              1                    R  6      4756831011 5 5 2 8    15.0   13.0
 51 4235.115689 3.164E-25 1.539E+00.06060.066 2249.93340.79-.003813              3              1                    R  7      4756831011 5 5 2 8    17.0   15.0
 51 4235.946971 2.730E-21 5.408E-01.06320.054   80.73540.77-.004443              2              0                    P  6      6857851011 5 3 2 3    11.0   13.0
 51 4238.290395 3.089E-25 1.561E+00.05950.065 2280.40130.79-.003875              3              1                    R  8      4756831011 5 5 2 8    19.0   17.0
 51 4240.139847 2.559E-21 5.551E-01.06510.054   57.67040.76-.004182              2              0                    P  5      6857851011 5 3 2 3     9.0   11.0
 51 4241.393775 2.923E-25 1.581E+00.05860.064 2314.67390.78-.003945              3              1                    R  9      4756831011 5 5 2 8    21.0   19.0
 51 4244.263448 2.261E-21 5.755E-01.06770.054   38.44810.76-.003803              2              0                    P  4      6857851011 5 3 2 3     7.0    9.0
 51 4244.425684 2.688E-25 1.600E+00.05770.063 2352.74990.78-.004022              3              1                    R 10      4756831011 5 5 2 8    23.0   21.0
 51 4247.385974 2.407E-25 1.618E+00.05690.062 2394.62790.77-.004104              3              1                    R 11      4756831011 5 5 2 8    25.0   23.0
 51 4248.317628 1.838E-21 6.090E-01.07120.054   23.06950.77-.003292              2              0                    P  3      6857851011 5 3 2 3     5.0    7.0
 51 4250.274499 2.101E-25 1.635E+00.05610.060 2440.30620.77-.004190              3              1                    R 12      4756831011 5 5 2 8    27.0   25.0
 51 4252.302239 1.304E-21 6.819E-01.07570.054   11.53500.77-.002983              2              0                    P  2      6857851011 5 3 2 3     3.0    5.0
 51 4253.091113 1.791E-25 1.652E+00.05530.059 2489.78310.76-.004280              3              1                    R 13      4756831011 5 5 2 8    29.0   27.0
 51 4255.835668 1.490E-25 1.668E+00.05450.059 2543.05670.76-.004372              3              1                    R 14      4756831011 5 5 2 8    31.0   29.0
 51 4256.217135 6.808E-22 1.031E+00.08030.054    3.84500.78-.002787              2              0                    P  1      6857851011 5 3 2 3     1.0    3.0
 51 4258.508018 1.211E-25 1.684E+00.05380.058 2600.12490.75-.004467              3              1                    R 15      4756831011 5 5 2 8    33.0   31.0
 51 4261.108017 9.640E-26 1.700E+00.05310.057 2660.98550.75-.004562              3              1                    R 16      4756831011 5 5 2 8    35.0   33.0
 51 4263.635519 7.501E-26 1.715E+00.05240.056 2725.63610.74-.004658              3              1                    R 17      4756831011 5 5 2 8    37.0   35.0
 51 4263.837193 7.019E-22 3.490E-01.08030.054    0.00000.78-.003323              2              0                    R  0      6857851011 5 3 2 3     3.0    1.0
 51 4266.090377 5.713E-26 1.730E+00.05170.055 2794.07440.74-.004754              3              1                    R 18      4756831011 5 5 2 8    39.0   37.0
 51 4267.542061 1.386E-21 4.221E-01.07570.054    3.84500.78-.003602              2              0                    R  1      6857851011 5 3 2 3     5.0    3.0
 51 4268.472445 4.260E-26 1.746E+00.05100.054 2866.29750.73-.004850              3              1                    R 19      4756831011 5 5 2 8    41.0   39.0
 51 4270.781576 3.112E-26 1.761E+00.05030.053 2942.30280.73-.004945              3              1                    R 20      4756831011 5 5 2 8    43.0   41.0
 51 4271.176626 2.016E-21 4.557E-01.07120.054   11.53500.77-.003751              2              0                    R  2      6857851011 5 3 2 3     7.0    5.0
 51 4273.017625 2.226E-26 1.776E+00.04960.053 3022.08730.72-.005039              3              1                    R 21      4756831011 5 5 2 8    45.0   43.0
 51 4274.740741 2.556E-21 4.763E-01.06770.054   23.06950.76-.003855              2              0                    R  3      6857851011 5 3 2 3     9.0    7.0
 51 4275.180445 1.560E-26 1.790E+00.04900.052 3105.64790.72-.005132              3              1                    R 22      4756831011 5 5 2 8    47.0   45.0
 51 4277.269889 1.071E-26 1.805E+00.04830.051 3192.98150.71-.005224              3              1                    R 23      4756831011 5 5 2 8    49.0   47.0
 51 4278.234259 2.983E-21 4.909E-01.06510.054   38.44810.76-.003855              2              0                    R  4      6857851011 5 3 2 3    11.0    9.0
 51 4279.285813 7.215E-27 1.820E+00.04770.051 3284.08460.71-.005314              3              1                    R 24      4756631011 5 5 2 8    51.0   49.0
 51 4281.228069 4.762E-27 1.835E+00.04710.050 3378.95370.70-.005402              3              1                    R 25      4756631011 5 5 2 8    53.0   51.0
 51 4281.657035 3.280E-21 5.023E-01.06320.054   57.67040.77-.003886              2              0                    R  5      6857851011 5 3 2 3    13.0   11.0
 51 4283.096512 3.082E-27 1.850E+00.04650.049 3477.58510.70-.005489              3              1                    R 26      4756631011 5 5 2 8    55.0   53.0
 51 4284.890996 1.955E-27 1.865E+00.04600.049 3579.97510.70-.005574              3              1                    R 27      4756631011 5 5 2 8    57.0   55.0
 51 4285.008920 3.442E-21 5.118E-01.06180.054   80.73540.78-.003913              2              0                    R  6      6857851011 5 3 2 3    15.0   13.0
 51 4286.611375 1.216E-27 1.879E+00.04540.048 3686.11980.70-.005656              3              1                    R 28      4756631011 5 5 2 8    59.0   57.0
 51 4288.257502 7.427E-28 1.894E+00.04480.047 3796.01490.70-.005738              3              1                    R 29      4756631011 5 5 2 8    61.0   59.0
 51 4288.289768 3.473E-21 5.201E-01.06060.054  107.64240.79-.003913              2              0                    R  7      6857851011 5 3 2 3    17.0   15.0
 51 4289.829232 4.446E-28 1.909E+00.04430.047 3909.65620.70-.005817              3              1                    R 30      4656631011 5 5 2 8    63.0   61.0
 51 4291.326419 2.611E-28 1.924E+00.04380.046 4027.03950.70-.005894              3              1                    R 31      4656631011 5 5 2 8    65.0   63.0
 51 4291.499433 3.386E-21 5.276E-01.05950.054  138.39040.79-.003870              2              0                    R  8      6857851011 5 3 2 3    19.0   17.0
 51 4292.748917 1.504E-28 1.939E+00.04320.046 4148.16010.70-.005969              3              1                    R 32      4656631011 5 5 2 8    67.0   65.0
 51 4294.096581 8.503E-29 1.953E+00.04270.045 4273.01330.70-.006043              3              1                    R 33      4656231011 5 5 2 8    69.0   67.0
 51 4294.637768 3.199E-21 5.344E-01.05860.054  172.97800.78-.003862              2              0                    R  9      6857851011 5 3 2 3    21.0   19.0
 51 4295.369263 4.717E-29 1.968E+00.04220.045 4401.59440.70-.006115              3              1                    R 34      4656231011 5 5 2 8    71.0   69.0
 51 4296.566820 2.567E-29 1.983E+00.04170.044 4533.89830.70-.006185              3              1                    R 35      4656231011 5 5 2 8    73.0   71.0
 51 4297.689103 1.371E-29 1.998E+00.04130.044 4669.92000.70-.006253              3              1                    R 36      4656231011 5 5 2 8    75.0   73.0
 51 4297.704627 2.938E-21 5.409E-01.05770.054  211.40410.78-.003836              2              0                    R 10      6857851011 5 3 2 3    23.0   21.0
 51 4298.735969 7.187E-30 2.013E+00.04080.043 4809.65410.70-.006319              3              1                    R 37      4656231011 5 5 2 8    77.0   75.0
 51 4299.707270 3.698E-30 2.028E+00.04030.043 4953.09540.70-.006384              3              1                    R 38      4656231011 5 5 2 8    79.0   77.0
 51 4300.602861 1.868E-30 2.043E+00.03990.042 5100.23820.70-.006447              3              1                    R 39      4656231011 5 5 2 8    81.0   79.0
 51 4300.699863 2.626E-21 5.470E-01.05690.054  253.66720.77-.003849              2              0                    R 11      6857851011 5 3 2 3    25.0   23.0
 51 4301.422597 9.255E-31 2.058E+00.03950.042 5251.07690.70-.006508              3              1                    R 40      4656231011 5 5 2 8    83.0   81.0
 51 4302.166330 4.504E-31 2.074E+00.03900.041 5405.60560.70-.006568              3              1                    R 41      4656231011 5 5 2 8    85.0   83.0
 51 4302.833916 2.152E-31 2.089E+00.03860.041 5563.81840.70-.006626              3              1                    R 42      4656231011 5 5 2 8    87.0   85.0
 51 4303.425207 1.009E-31 2.104E+00.03820.040 5725.70900.70-.006682              3              1                    R 43      4656231011 5 5 2 8    89.0   87.0
 51 4303.623329 2.289E-21 5.529E-01.05610.054  299.76560.77-.003922              2              0                    R 12      6857851011 5 3 2 3    27.0   25.0
 51 4306.474880 1.945E-21 5.586E-01.05530.054  349.69750.76-.004041              2              0                    R 13      6857851011 5 3 2 3    29.0   27.0
 51 4309.254369 1.615E-21 5.642E-01.05450.054  403.46120.76-.004125              2              0                    R 14      6857851011 5 3 2 3    31.0   29.0
 51 4311.961650 1.310E-21 5.696E-01.05380.054  461.05450.75-.004235              2              0                    R 15      6857851011 5 3 2 3    33.0   31.0
 51 4314.596576 1.040E-21 5.750E-01.05310.054  522.47510.75-.004498              2              0                    R 16      6857851011 5 3 2 3    35.0   33.0
 51 4317.159002 8.068E-22 5.803E-01.05240.054  587.72090.75-.004506              2              0                    R 17      6857851011 5 3 2 3    37.0   35.0
 51 4319.648781 6.126E-22 5.855E-01.05170.054  656.78920.74-.004754              2              0                    R 18      6857851011 5 3 2 3    39.0   37.0
 51 4322.065768 4.554E-22 5.907E-01.05100.054  729.67740.73-.004905              2              0                    R 19      6857851011 5 3 2 3    41.0   39.0
 51 4324.409816 3.315E-22 5.959E-01.05030.054  806.38280.75-.004946              2              0                    R 20      5857751011 5 3 2 3    43.0   41.0
 51 4326.680780 2.364E-22 6.010E-01.04960.054  886.90240.74-.005703              2              0                    R 21      5857251011 5 3 2 3    45.0   43.0
 51 4328.878514 1.650E-22 6.061E-01.04900.054  971.23320.74-.005478              2              0                    R 22      5857251011 5 3 2 3    47.0   45.0
 51 4331.002872 1.130E-22 6.112E-01.04830.054 1059.37180.74-.005955              2              0                    R 23      5857251011 5 3 2 3    49.0   47.0
 51 4333.053708 7.574E-23 6.163E-01.04770.051 1151.31500.74-.005314              2              0                    R 24      5856231011 5 5 2 8    51.0   49.0
 51 4335.030877 4.978E-23 6.214E-01.04710.050 1247.05920.74-.005402              2              0                    R 25      5856231011 5 5 2 8    53.0   51.0
 51 4336.934234 3.207E-23 6.265E-01.04650.049 1346.60080.74-.005489              2              0                    R 26      5856231011 5 5 2 8    55.0   53.0
 51 4338.763632 2.026E-23 6.315E-01.04600.049 1449.93600.74-.005574              2              0                    R 27      5856231011 5 5 2 8    57.0   55.0
 51 4340.518926 1.255E-23 6.366E-01.04540.048 1557.06070.74-.005656              2              0                    R 28      5856231011 5 5 2 8    59.0   57.0
 51 4342.199970 7.623E-24 6.417E-01.04480.047 1667.97090.74-.005738              2              0                    R 29      5856231011 5 5 2 8    61.0   59.0
 51 4343.806621 4.541E-24 6.468E-01.04430.047 1782.66240.74-.005817              2              0                    R 30      4756231011 5 5 2 8    63.0   61.0
 51 4345.338731 2.653E-24 6.519E-01.04380.046 1901.13080.74-.005894              2              0                    R 31      4756231011 5 5 2 8    65.0   63.0
 51 4346.796156 1.520E-24 6.570E-01.04320.046 2023.37150.74-.005969              2              0                    R 32      4756231011 5 5 2 8    67.0   65.0
 51 4348.178750 8.546E-25 6.621E-01.04270.045 2149.37990.74-.006043              2              0                    R 33      4756231011 5 5 2 8    69.0   67.0
 51 4349.486369 4.714E-25 6.672E-01.04220.045 2279.15110.74-.006115              2              0                    R 34      4756231011 5 5 2 8    71.0   69.0
 51 4350.718866 2.550E-25 6.724E-01.04170.044 2412.68010.74-.006185              2              0                    R 35      4756231011 5 5 2 8    73.0   71.0
 51 4351.876098 1.355E-25 6.775E-01.04130.044 2549.96200.74-.006253              2              0                    R 36      4756231011 5 5 2 8    75.0   73.0
 51 4352.957917 7.054E-26 6.827E-01.04080.043 2690.99130.74-.006319              2              0                    R 37      4756231011 5 5 2 8    77.0   75.0
 51 4353.964181 3.606E-26 6.879E-01.04030.043 2835.76270.74-.006384              2              0                    R 38      4756231011 5 5 2 8    79.0   77.0
 51 4354.894743 1.809E-26 6.930E-01.03990.042 2984.27070.74-.006447              2              0                    R 39      4756231011 5 5 2 8    81.0   79.0
 51 4355.749458 8.908E-27 6.983E-01.03950.042 3136.50950.74-.006508              2              0                    R 40      4756231011 5 5 2 8    83.0   81.0
 51 4356.528180 4.305E-27 7.035E-01.03900.041 3292.47340.74-.006568              2              0                    R 41      4756231011 5 5 2 8    85.0   83.0
 51 4357.230766 2.042E-27 7.087E-01.03860.041 3452.15630.74-.006626              2              0                    R 42      4756231011 5 5 2 8    87.0   85.0
 51 4357.857069 9.508E-28 7.140E-01.03820.040 3615.55210.74-.006682              2              0                    R 43      4756231011 5 5 2 8    89.0   87.0
 51 4358.406945 4.346E-28 7.192E-01.03780.040 3782.65470.74-.006738              2              0                    R 44      4756231011 5 5 2 8    91.0   89.0
 51 4358.880248 1.950E-28 7.245E-01.03740.040 3953.45740.74-.006791              2              0                    R 45      4756231011 5 5 2 8    93.0   91.0
 51 4359.276833 8.590E-29 7.298E-01.03700.039 4127.95390.74-.006844              2              0                    R 46      4756231011 5 5 2 8    95.0   93.0
 51 4359.596555 3.715E-29 7.351E-01.03660.039 4306.13750.74-.006895              2              0                    R 47      4756231011 5 5 2 8    97.0   95.0
 51 4359.839268 1.577E-29 7.404E-01.03620.038 4488.00120.74-.006944              2              0                    R 48      4756231011 5 5 2 8    99.0   97.0
 51 4359.892606 1.658E-31 7.673E-01.03450.037 5452.27330.74-.007174              2              0                    R 53      4756231011 5 5 2 8   109.0  107.0
 51 4360.004826 6.578E-30 7.458E-01.03590.038 4673.53810.74-.006993              2              0                    R 49      4756231011 5 5 2 8   101.0   99.0
 51 4360.037120 4.277E-31 7.619E-01.03480.037 5252.11620.74-.007130              2              0                    R 52      4756231011 5 5 2 8   107.0  105.0
 51 4360.093085 2.693E-30 7.511E-01.03550.038 4862.74110.74-.007040              2              0                    R 50      4756231011 5 5 2 8   103.0  101.0
 51 4360.103898 1.083E-30 7.565E-01.03520.037 5055.60290.74-.007085              2              0                    R 51      4756231011 5 5 2 8   105.0  103.0
