 61 5934.934174 1.648E-23 7.511E-02.05620.070  575.25980.64-.011900    0 0 2 0  E     0 0 0 0 1A1    9F2295        10F1  2     533332484848 7 1 7    57.0   63.0
 61 5935.117014 1.500E-23 4.101E-02.05440.070  575.22290.64-.011900    0 0 2 0  E     0 0 0 0 1A1    9A2102        10A1  1     533332484848 7 1 7    95.0  105.0
 61 5945.687380 2.358E-23 4.355E-02.05580.073  470.87290.65-.011900    0 0 2 0  E     0 0 0 0 1A1    8A1 94         9A2  1     533332484848 7 1 7    85.0   95.0
 61 5945.924534 1.190E-23 3.663E-02.05580.073  470.86510.65-.011900    0 0 2 0  E     0 0 0 0 1A1    8F1264         9F2  2     533332484848 7 1 7    51.0   57.0
 61 5957.080261 1.541E-23 3.416E-02.06000.074  376.82630.82-.009000    0 0 2 0  E     0 0 0 0 1A1    7F1239         8F2  2     535335484848 71212    45.0   51.0
 61 5968.230475 1.591E-23 2.720E-02.06320.076  293.17870.88-.011000    0 0 2 0  E     0 0 0 0 1A1    6F2208         7F1  2     535335484848 71212    39.0   45.0
 61 5968.856722 1.539E-23 1.579E-02.05670.076  293.15000.60-.010700    0 0 2 0  E     0 0 0 0 1A1    6A1 72         7A2  1     535334485048 71212    65.0   75.0
 61 5979.300458 2.630E-23 2.242E-02.06450.077  219.94000.80-.011600    0 0 2 0  E     0 0 0 0 1A1    5A2 60         6A1  1     445335857348 71212    55.0   65.0
 61 6036.136068 1.940E-23 7.371E-02.05960.070  656.54000.64-.012100    0 0 2 0  E     0 0 0 0 1A1   10A2108        10F1  1     443332857348 7 1 7   105.0   63.0
 61 6038.237284 2.560E-23 1.336E-01.04530.067  757.60220.63-.012100    0 0 2 0  E     0 0 0 0 1A1   12A2           12A1  1     445332857348 7 1 7   125.0  125.0
 61 6039.509235 2.130E-23 3.631E-02.05710.073  470.83000.65-.012100    0 0 2 0  E     0 0 0 0 1A1    9A2102         9A1  1     443332857348 7 1 7    95.0   95.0
 61 6039.657717 3.550E-23 3.232E-02.06160.076  293.15000.70-.012100    0 0 2 0  E     0 0 0 0 1A1    7A1            7A2  1     445332857348 7 1 7    75.0   75.0
 61 6040.384179 3.090E-23 8.776E-02.05730.073  470.71000.73-.010800    0 0 2 0  E     0 0 0 0 1A1    9F2296         9F1  1     445335857348 71212    57.0   57.0
 61 6040.405235 3.070E-23 8.720E-02.05680.073  470.72000.70-.012300    0 0 2 0  E     0 0 0 0 1A1    9F1304         9F2  1     445335857348 71212    57.0   57.0
 61 6040.947717 5.670E-23 6.840E-02.05930.074  376.73000.78-.012900    0 0 2 0  E     0 0 0 0 1A1    8A2            8A1  1     445335857348 71212    85.0   85.0
 61 6041.496319 3.190E-23 4.843E-02.06060.076  293.12001.01-.012300    0 0 2 0  E     0 0 0 0 1A1    7F2            7F1  1     445335857348 71212    45.0   45.0
 61 6041.557567 3.010E-23 4.569E-02.06120.076  293.12000.92-.011500    0 0 2 0  E     0 0 0 0 1A1    7F1            7F2  1     445335857348 71212    45.0   45.0
 61 6041.973567 1.740E-23 3.203E-02.06430.077  219.91000.82-.012300    0 0 2 0  E     0 0 0 0 1A1    6E 138         6E   1     445335857348 71212    26.0   26.0
 61 6042.091159 4.380E-23 3.225E-02.06620.077  219.91000.87-.010400    0 0 2 0  E     0 0 0 0 1A1    6A1            6A2  1     445335857348 71212    65.0   65.0
 61 6042.438944 3.080E-23 1.872E-02.06910.078  104.77001.13-.016300    0 0 2 0  E     0 0 0 0 1A1    4A2            4A1  1     445335857348 71212    45.0   45.0
 61 6042.516535 1.820E-23 1.946E-02.06570.077  157.12001.06-.008100    0 0 2 0  E     0 0 0 0 1A1    5F1            5F2  1     445335857348 71212    33.0   33.0
 61 6102.726012 1.860E-23 1.716E-02.06400.077  157.13000.81-.011500    0 0 2 0  E     0 0 0 0 1A1    6F2            5F1  2     445335857348 71212    39.0   33.0
 61 6112.323869 2.140E-23 2.330E-02.06430.077  219.94000.70-.012200    0 0 2 0  E     0 0 0 0 1A1    7F2            6F1  1     445332857348 7 1 7    45.0   39.0
