 61 2898.266154 2.886E-25 2.680E-01.02900.051 1880.58250.75-.005797    0 0 1 1 1A1    0 0 0 1 1F2    9E  47        10E   3     332333332329 1 1 1    38.0   42.0
 61 2930.929400 3.272E-25 3.888E-02.04700.094 1487.76760.75-.005862    0 0 1 1 1A1    0 0 0 1 1F2    4A1 12         5A2  2     332333332329 1 1 1    45.0   55.0
 61 2945.996599 3.360E-25 6.597E-02.04400.068 1432.18050.75-.005892    0 0 1 1 1A1    0 0 0 1 1F2    3F1 26         4F2  3     332333332329 1 1 1    21.0   27.0
 61 2951.452294 8.848E-25 6.579E-01.02900.050 1827.39640.75-.005903    0 0 1 1 1A1    0 0 0 1 1F2    9E  47        10E   1     332333332329 1 1 1    38.0   42.0
 61 2960.317718 3.539E-25 1.185E-01.03200.054 1387.40050.75-.005921    0 0 1 1 1A1    0 0 0 1 1F2    2E  13         3E   2     332333332329 1 1 1    10.0   14.0
 61 2967.503468 2.997E-25 5.380E-02.04400.068 1410.76730.75-.005935    0 0 1 1 1A1    0 0 0 1 1F2    3F2 25         4F1  2     332333332329 1 1 1    21.0   27.0
 61 2969.170273 3.216E-24 5.730E-01.04400.068 1409.00700.75-.005938    0 0 1 1 1A1    0 0 0 1 1F2    3F1 26         4F2  2     332333332329 1 1 1    21.0   27.0
 61 2973.051288 2.244E-23 7.579E+00.03200.054 1387.40050.75-.005946    0 0 1 1 1A1    0 0 0 1 1F2    2E  14         3E   2     332333332329 1 1 1    10.0   14.0
 61 2981.203100 3.408E-23 3.281E+00.04700.094 1437.49400.75-.005962    0 0 1 1 1A1    0 0 0 1 1F2    4A1 12         5A2  1     332333332329 1 1 1    45.0   55.0
 61 2984.470568 1.877E-23 5.971E+00.04400.068 1351.82680.75-.005969    0 0 1 1 1A1    0 0 0 1 1F2    1F1 13         2F2  2     332333332329 1 1 1     9.0   15.0
 61 2987.891618 2.714E-23 4.471E+00.04400.068 1390.28550.75-.005976    0 0 1 1 1A1    0 0 0 1 1F2    3F1 26         4F2  1     332333332329 1 1 1    21.0   27.0
 61 2988.137197 2.427E-23 3.996E+00.04400.068 1390.13370.75-.005976    0 0 1 1 1A1    0 0 0 1 1F2    3F2 25         4F1  1     332333332329 1 1 1    21.0   27.0
 61 2994.122060 2.750E-23 7.993E+00.03200.054 1353.59620.75-.005988    0 0 1 1 1A1    0 0 0 1 1F2    2E  13         3E   1     332333332329 1 1 1    10.0   14.0
 61 3000.473191 2.200E-24 1.317E+01.04100.115 2538.92940.75-.006001    0 0 1 1 1A1    0 0 0 1 1F2   15A2 39        15A1  2     332333332329 1 1 1   155.0  155.0
 61 3004.640000 2.547E-24 2.542E-01.04700.094 1389.95240.75-.006009    0 0 1 1 1A1    0 0 0 1 1F2    3A2 11         4A1  1     332333332329 1 1 1    35.0   45.0
 61 3006.558002 3.579E-23 2.113E+01.02900.050 1772.29060.75-.006013    0 0 1 1 1A1    0 0 0 1 1F2    9E  47         9E   3     332333332329 1 1 1    38.0   38.0
 61 3006.855630 9.127E-25 2.675E-01.03200.054 1353.59620.75-.006014    0 0 1 1 1A1    0 0 0 1 1F2    2E  14         3E   1     332333332329 1 1 1    10.0   14.0
 61 3008.988569 4.265E-24 1.224E+00.04400.067 1327.30880.75-.006018    0 0 1 1 1A1    0 0 0 1 1F2    1F1 13         2F2  1     332333332329 1 1 1     9.0   15.0
 61 3009.993707 1.140E-22 1.713E+01.04400.068 1368.27710.75-.006020    0 0 1 1 1A1    0 0 0 1 1F2    3F2 25         3F1  2     332333332329 1 1 1    21.0   21.0
 61 3010.211100 2.375E-22 2.025E+01.04700.094 1408.48510.75-.006020    0 0 1 1 1A1    0 0 0 1 1F2    4A1 12         4A2  1     332333332329 1 1 1    45.0   45.0
 61 3010.443418 1.172E-22 1.757E+01.04400.068 1367.73380.75-.006021    0 0 1 1 1A1    0 0 0 1 1F2    3F1 26         3F2  1     332333332329 1 1 1    21.0   21.0
 61 3010.838840 4.783E-23 1.296E+01.03200.054 1336.87940.75-.006022    0 0 1 1 1A1    0 0 0 1 1F2    2E  13         2E   1     332333332329 1 1 1    10.0   10.0
 61 3011.257697 5.500E-23 2.635E+01.04700.089 1311.43150.75-.006023    0 0 1 1 1A1    0 0 0 1 1F2    0A1  3         1A2  1     332333332329 1 1 1     5.0   15.0
 61 3020.000882 3.495E-23 9.579E+00.04400.067 1316.29650.75-.006040    0 0 1 1 1A1    0 0 0 1 1F2    1F1 13         1F2  1     332333332329 1 1 1     9.0    9.0
 61 3021.591820 1.327E-23 3.437E+00.03600.059 1326.12650.75-.006043    0 0 1 1 1A1    0 0 0 1 1F2    2E  13         1E   1     332333332329 1 1 1    10.0    6.0
 61 3023.572410 1.399E-23 3.823E+00.03200.054 1336.87940.75-.006047    0 0 1 1 1A1    0 0 0 1 1F2    2E  14         2E   1     332333332329 1 1 1    10.0   10.0
 61 3024.743152 1.100E-24 1.553E-01.04400.068 1353.52770.75-.006049    0 0 1 1 1A1    0 0 0 1 1F2    3F2 25         3F1  1     332333332329 1 1 1    21.0   21.0
 61 3025.535709 3.065E-23 8.208E+00.04400.067 1310.76160.75-.006051    0 0 1 1 1A1    0 0 0 1 1F2    1F1 13         0F2  1     332333332329 1 1 1     9.0    3.0
 61 3025.574000 4.145E-23 3.789E+00.04700.094 1369.01820.75-.006051    0 0 1 1 1A1    0 0 0 1 1F2    3A2 11         3A1  1     332333332329 1 1 1    35.0   35.0
 61 3026.350408 1.196E-23 1.677E+00.04400.068 1351.82680.75-.006053    0 0 1 1 1A1    0 0 0 1 1F2    3F1 26         2F2  2     332333332329 1 1 1    21.0   15.0
 61 3026.936927 1.550E-23 2.169E+00.04400.068 1351.33390.75-.006054    0 0 1 1 1A1    0 0 0 1 1F2    3F2 25         2F1  2     332333332329 1 1 1    21.0   15.0
 61 3030.465400 1.060E-23 8.300E-01.04700.094 1388.23170.75-.006061    0 0 1 1 1A1    0 0 0 1 1F2    4A1 12         3A2  1     332333332329 1 1 1    45.0   35.0
 61 3034.325390 4.942E-23 1.291E+01.03600.059 1326.12650.75-.006069    0 0 1 1 1A1    0 0 0 1 1F2    2E  14         1E   1     332333332329 1 1 1    10.0    6.0
 61 3041.121302 8.091E-24 1.067E+00.04400.068 1337.14950.75-.006082    0 0 1 1 1A1    0 0 0 1 1F2    3F2 25         2F1  1     332333332329 1 1 1    21.0   15.0
 61 3043.900800 2.587E-22 2.189E+01.04700.094 1350.69140.75-.006088    0 0 1 1 1A1    0 0 0 1 1F2    3A2 11         2A1  1     332333332329 1 1 1    35.0   25.0
 61 3058.048465 3.930E-25 1.869E-01.02900.050 1720.80020.75-.006116    0 0 1 1 1A1    0 0 0 1 1F2    9E  47         8E   4     332333332329 1 1 1    38.0   34.0
 61 3096.376155 1.359E-24 5.498E-01.03200.055 1682.47240.75-.006193    0 0 1 1 1A1    0 0 0 1 1F2    9E  47         8E   3     332333332329 1 1 1    38.0   34.0
 61 3104.362042 6.616E-25 2.588E-01.03200.055 1674.48660.75-.006209    0 0 1 1 1A1    0 0 0 1 1F2    9E  47         8E   2     332333332329 1 1 1    38.0   34.0
 61 3161.227619 6.933E-25 3.066E+01.03620.046 2765.26750.75-.006322    0 0 1 1 1A1    0 0 0 1 1F2   17E 100        16E   6     35443279665217 1 7    70.0   66.0
