 61 5879.684555 4.884E-23 3.452E-01.05100.068  689.95690.64-.011800    0 0 2 0  F2    0 0 0 0 1A1   10F1321        11F2  3     433332484848 7 1 7    63.0   69.0
 61 5903.336668 1.376E-22 4.175E-01.03670.073  470.85500.65-.011800    0 0 2 0  F2    0 0 0 0 1A1    8F2262         9F1  3     533332484842 7 1 7    51.0   57.0
 61 5914.751738 3.879E-22 5.084E-01.05490.074  376.73040.69-.011800    0 0 2 0  F2    0 0 0 0 1A1    7A2 80         8A1  1     433332484848 7 1 7    75.0   85.0
 61 5914.917586 2.067E-22 4.517E-01.05890.074  376.78590.69-.011800    0 0 2 0  F2    0 0 0 0 1A1    7F1231         8F2  1     533332484848 7 1 7    45.0   51.0
 61 5926.574974 4.883E-22 4.939E-01.05850.076  293.15420.70-.011900    0 0 2 0  F2    0 0 0 0 1A1    6A1 70         7A2  1     533332484848 7 1 7    65.0   75.0
 61 5938.094043 6.171E-22 5.187E-01.06060.077  219.91980.70-.011900    0 0 2 0  F2    0 0 0 0 1A1    5A1 53         6A2  1     533332484848 7 1 7    55.0   65.0
 61 5938.167030 3.650E-22 5.114E-01.05900.077  219.93680.70-.011900    0 0 2 0  F2    0 0 0 0 1A1    5F1173         6F2  2     533332484848 7 1 7    33.0   39.0
 61 5949.527009 4.083E-22 5.172E-01.06540.077  157.12430.72-.011900    0 0 2 0  F2    0 0 0 0 1A1    4F2139         5F1  1     533332484848 7 1 7    27.0   33.0
 61 5949.552026 4.279E-22 5.421E-01.06640.077  157.12790.72-.011900    0 0 2 0  F2    0 0 0 0 1A1    4F1134         5F2  1     533332484848 7 1 7    27.0   33.0
 61 5960.884466 3.998E-22 5.068E-01.07060.078  104.77470.72-.011900    0 0 2 0  F2    0 0 0 0 1A1    3F2105         4F1  1     533332484848 7 1 7    21.0   27.0
 61 5960.933437 4.283E-22 5.430E-01.06150.078  104.78000.72-.011900    0 0 2 0  F2    0 0 0 0 1A1    3F1110         4F2  1     533332484848 7 1 7    21.0   27.0
 61 5972.133934 6.290E-22 5.484E-01.06580.079   62.87000.73-.011900    0 0 2 0  F2    0 0 0 0 1A1    2A1 29         3A2  1     443332857348 7 1 7    25.0   35.0
 61 5994.143690 1.050E-22 5.958E-01.05800.081   10.48000.94-.014100    0 0 2 0  F2    0 0 0 0 1A1    0F2 18         1F1  1     445335857348 71212     3.0    9.0
 61 5997.552386 9.790E-23 3.943E-01.05060.068  689.86000.64-.012000    0 0 2 0  F2    0 0 0 0 1A1   11A1           11A2  1     445332857348 7 1 7   115.0  115.0
 61 6003.836317 6.200E-22 6.202E-01.06700.078  104.78000.72-.012000    0 0 2 0  F2    0 0 0 0 1A1    4F1135         4F2  1     443332857348 7 1 7    27.0   27.0
 61 6003.891589 1.000E-21 6.001E-01.07100.078  104.77000.72-.012000    0 0 2 0  F2    0 0 0 0 1A1    4A2 43         4A1  1     443332857348 7 1 7    45.0   45.0
 61 6004.292258 9.850E-22 6.201E-01.06610.079   62.87000.73-.012000    0 0 2 0  F2    0 0 0 0 1A1    3A1 32         3A2  1     443332857350 7 1 7    35.0   35.0
 61 6004.643572 4.870E-22 6.141E-01.06740.082   31.44000.70-.012000    0 0 2 0  F2    0 0 0 0 1A1    2F1 73         2F2  1     443332857348 7 1 7    15.0   15.0
 61 6004.652510 3.250E-22 6.147E-01.06470.082   31.44000.70-.012000    0 0 2 0  F2    0 0 0 0 1A1    2E  53         2E   1     443332857348 7 1 7    10.0   10.0
 61 6004.862655 3.240E-22 6.150E-01.06470.081   10.48000.68-.012000    0 0 2 0  F2    0 0 0 0 1A1    1F2 43         1F1  1     443332857348 7 1 7     9.0    9.0
 61 6015.663827 5.880E-22 6.387E-01.05970.081    0.00000.78-.011770    0 0 2 0  F2    0 0 0 0 1A1    1A2 18         0A1  1     458336867457 71218    15.0    5.0
 61 6026.226861 5.770E-22 6.618E-01.06450.081   10.48000.82-.010510    0 0 2 0  F2    0 0 0 0 1A1    2F2 81         1F1  1     558335487457 71218    15.0    9.0
 61 6046.963579 1.430E-21 7.101E-01.06090.079   62.87000.73-.013960    0 0 2 0  F2    0 0 0 0 1A1    4A1 51         3A2  1     448335867457 7 118    45.0   35.0
 61 6057.079461 1.500E-21 7.496E-01.06140.078  104.77000.72-.008370    0 0 2 0  F2    0 0 0 0 1A1    5A2            4A1  1     448335867457 7 118    55.0   45.0
 61 6086.622405 6.140E-22 8.348E-01.05540.076  293.12000.70-.010430    0 0 2 0  F2    0 0 0 0 1A1    8F2            7F1  1     468336867457 7 118    51.0   45.0
 61 6086.634248 6.110E-22 8.307E-01.06140.076  293.12000.70-.010430    0 0 2 0  F2    0 0 0 0 1A1    8F1            7F2  1     468336867457 7 118    51.0   45.0
 61 6086.744562 1.009E-21 8.232E-01.05530.076  293.15000.70-.011210    0 0 2 0  F2    0 0 0 0 1A1    8A1            7A2  1     438336864857 7 118    85.0   75.0
 61 6123.481735 5.470E-23 3.521E-01.05270.068  689.87000.64-.012200    0 0 2 0  F2    0 0 0 0 1A1   12F1           11F2  2     445332857348 7 1 7    75.0   69.0
 61 6124.259780 4.840E-23 3.116E-01.05270.068  689.87000.64-.012200    0 0 2 0  F2    0 0 0 0 1A1   12F1           11F2  2     445332857348 7 1 7    75.0   69.0
